




















0x081D5Bb66b145e768A98E22525BcA321e880C0Af
10000100000000000000
8
1693156277
14029,12055,13051,12052
1,1,1,1
7.711
0x081D5Bb66b145e768A98E22525BcA321e880C0Af
10000100000000000000
16
1693156304
12047,11028,11054,11020
1,1,1,1
7.711
0x081D5Bb66b145e768A98E22525BcA321e880C0Af
7200100000000000000
17
1693156331
24021,23055,23037,24003,23054,23015
1,1,1,1,1,1
3.629
0x081D5Bb66b145e768A98E22525BcA321e880C0Af
7200100000000000000
85
1693156358
23008,22043,22015,22007,22042,22055
1,1,1,1,1,1
3.629
0x081D5Bb66b145e768A98E22525BcA321e880C0Af
7200100000000000000
105
1693156385
22005,21041,21028,21015,21029,21055
1,1,1,1,1,1
3.629
0x081D5Bb66b145e768A98E22525BcA321e880C0Af
15000100000000000000
16
1693156658
14055,13053,11052,11046,13020,14052
1,1,1,1,1,1
9.611
0x081D5Bb66b145e768A98E22525BcA321e880C0Af
4800100000000000000
17
1693156691
24008,21052,23023,21001
1,1,1,1
3.194





















